1.493650 63
0.360776 86
1.157255 1
0.360433 1
0.119986 1
0.160299 1
0.140252 1
0.200347 1
0.620928 1
0.480707 1
0.100195 1
0.200300 1
0.320555 1
0.757829 1
0.079598 1
2.416685 2
0.000130 2
0.000169 63
0.486214 86
0.395004 4
0.400598 33
1.176512 2
0.093747 63
0.575028 86
2.656669 1
0.079572 1
0.140727 1
2.556002 1
1.386264 1
0.682622 2
0.212225 106
3.347153 2
0.000259 22
0.324244 50
21.788608 1
0.080014 1
0.120387 1
0.140067 1
0.120250 1
0.080083 1
0.160486 1
0.075605 1
0.164737 1
0.140340 1
0.160195 1
0.560771 1
0.100206 1
0.100193 1
0.560954 4
0.100234 1
0.059944 1
0.360613 2
0.153337 56
0.000319 22
0.394232 44
0.000030 6
4.019560 1
0.060174 1
0.180103 1
0.320445 1
0.140133 1
0.180384 2
0.000214 9
0.365631 37
0.936363 1
0.556954 1
0.104072 1
0.160131 1
0.120284 1
0.060134 1
0.140143 1
0.180292 1
0.079632 1
0.100692 1
0.160175 1
0.200337 1
0.079625 1
0.160761 1
0.320501 1
0.380495 1
0.120207 1
0.300488 1
0.208320 10
1.314164 4
0.120320 1
0.781131 1
0.100289 1
0.216156 1
0.224278 1
0.400620 1
0.160317 2
0.081640 25
0.179750 57
0.019093 7
0.000749 9
0.448964 37
0.652388 1
0.059631 1
0.080132 1
0.020396 1
0.140321 1
0.300421 4
0.741232 2
0.000190 15
0.265545 43
1.411642 1
0.160155 1
0.117204 1
0.103299 1
0.019391 1
0.180833 1
0.080219 1
0.160197 2
0.121678 67
0.000338 15
0.368237 37
0.000032 6
3.435884 1
0.140102 1
0.200291 1
0.200364 1
0.200333 1
0.160188 1
0.100351 2
0.435999 117
0.000030 2
0.000423 15
0.284828 43
1.442668 1
0.120200 1
0.160226 1
0.140239 1
0.079750 1
0.120569 2
0.092960 67
0.000348 15
0.234193 43
0.934838 2
0.000228 15
0.273365 43
2.230306 1
0.080413 1
0.179894 1
0.120196 1
0.080197 1
0.140149 1
0.320529 1
0.140203 1
0.120117 1
0.861333 4
0.500752 4
0.039625 4
0.039949 4
0.020261 4
0.040451 4
0.039626 4
0.020019 4
0.040029 4
0.040032 1
0.019919 1
0.040163 1
0.020148 1
0.019934 1
0.200787 1
0.100272 1
0.220211 1
0.280449 1
0.320458 1
0.480677 1
0.100178 1
0.180223 1
0.200322 1
0.220501 1
0.781067 1
0.360583 1
0.180287 1
0.120210 1
0.180221 1
0.460702 1
0.280340 1
0.320555 1
0.300429 1
0.339973 2
0.000841 15
0.433419 37
0.000032 6
0.808491 1
0.120043 1
0.120166 1
0.200420 1
0.160089 1
0.080314 1
0.080037 1
0.180450 2
0.127445 15
0.375452 43
0.358812 1
0.120078 1
0.140510 1
0.039293 1
0.120830 1
0.220316 1
0.180135 1
0.039552 1
0.541430 3
0.200161 3
0.160304 3
0.079617 3
0.140693 3
0.100092 3
0.140291 3
0.180260 2
0.267086 40
0.000341 33
0.000033 29
0.000603 15
0.291953 52
1.918842 1
0.119979 1
0.120131 1
0.200481 1
0.100089 1
0.100086 1
0.160214 2
0.279040 28
0.001442 31
0.000385 31
0.000380 31
0.000080 101
0.223262 61
0.009018 15
0.283911 52
1.546742 1
0.059889 1
0.039706 1
0.200743 1
0.120252 1
0.180175 2
0.000292 9
0.309739 37
0.712037 1
0.119902 1
0.160221 1
0.080176 1
0.180338 159
0.921389 141
1.322019 87
1.241676 118
0.560837 116
0.520740 136
0.039638 167
0.019953 1
0.000315 2
0.039874 1
0.040343 1
0.019576 1
0.040575 1
0.039805 1
0.019872 1
0.039984 1
0.020129 1
0.040439 1
0.039671 1
0.020059 1
0.040528 1
0.039769 1
1.018673 2
0.000118 2
0.000155 9
0.278808 37
0.822820 1
0.139746 1
0.160481 1
0.140688 8
0.480758 62
1.902673 90
0.320533 8
0.540826 1
0.260327 1
0.120152 1
0.160246 1
0.060155 1
0.059562 1
0.080077 2
0.097746 26
0.221722 7
0.041628 9
0.289314 31
0.000054 6
0.492482 1
0.080040 1
0.039421 1
0.180857 1
0.200317 1
0.120181 1
0.372767 4
0.328492 2
0.000225 16
0.401751 53
0.399431 1
0.120330 1
0.099962 1
0.240421 2
0.253422 8
0.000041 149
0.000931 16
0.277785 47
0.000091 6
2.252344 1
0.180156 1
0.120132 1
0.140206 1
0.180372 1
0.160293 1
2.844191 4
0.520775 4
0.019702 4
0.040497 4
0.019986 4
0.039446 4
0.040070 1
0.020175 1
0.040019 1
0.040497 1
0.019450 1
0.040159 1
0.040013 1
0.020039 1
0.040245 1
0.240899 1
0.220209 1
0.100130 1
0.235959 34
1.482294 3
0.516562 62
0.004205 49
0.032357 452
0.000145 161
0.000061 49
0.000029 23
0.080942 25
1.649558 36
0.000077 23
0.000037 41
0.099888 18
0.240307 18
0.000571 138
0.259900 18
0.280637 19
0.000581 18
0.139459 18
0.000149 29
0.000385 107
0.000109 51
0.000069 38
0.079097 18
0.000086 30
0.000325 108
0.000100 39
0.140008 18
0.000182 31
0.000339 99
0.000109 40
0.239703 18
0.000414 80
0.295601 18
0.000476 108
0.064377 18
0.000496 110
0.135051 18
0.000505 111
0.144256 25
0.000051 22
0.000289 23
0.000517 267
0.000070 60
0.000083 51
0.580201 42
0.140132 33
0.000065 28
0.000101 23
0.000280 56
0.003947 35
0.106105 6
0.060957 11
0.020804 25
0.000056 84
0.013177 22
0.001441 47
0.000036 6
2.897665 1
0.160187 1
0.200355 2
0.300455 1
0.921463 1
0.540720 1
0.660981 4
0.140200 1
0.180321 1
0.120090 1
0.215839 1
0.064710 2
0.191642 18
0.000554 51
0.000040 106
0.000020 78
0.000568 16
0.420895 53
0.087093 1
0.200876 1
0.200228 1
0.200477 1
0.180101 1
0.055570 1
0.104660 1
0.180333 2
0.095490 16
0.265158 1
0.087531 54
0.453547 1
0.120112 1
0.120273 1
0.080146 1
0.180185 1
0.160190 1
0.080121 1
0.380770 3
0.200099 3
0.160457 3
0.079983 3
0.280577 3
0.079670 3
0.401048 7
0.120046 7
0.240558 3
0.120065 3
0.160285 3
0.100072 2
0.322133 26
0.000372 62
0.000673 16
0.425251 53
0.834444 1
0.099987 1
0.100357 1
0.200316 1
0.079959 1
0.095757 1
0.164659 2
0.425199 28
0.000682 42
0.000193 35
0.000024 35
0.000120 40
0.000768 31
0.000384 31
0.000361 31
0.000104 101
0.296693 22
0.000030 39
0.007473 16
0.484798 53
0.646731 1
0.100078 1
0.180275 1
0.220914 2
0.340079 8
0.000040 231
0.000025 11
0.001108 16
0.469177 53
1.492928 1
0.120123 1
0.180252 1
0.120261 1
0.580940 4
0.160220 4
0.180292 4
0.180106 4
0.140271 1
0.115666 1
0.064582 1
0.039817 1
0.120632 1
0.160066 1
0.140146 1
1.200394 1
0.100178 1
0.271731 4
0.529429 2
0.000204 15
0.329100 52
0.432497 1
0.120151 1
0.120212 1
0.120075 2
0.193381 8
0.000042 136
0.000737 15
0.294606 52
0.733658 1
0.120171 1
0.140212 1
0.079642 2
0.141254 17
0.350960 39
0.000913 92
0.000117 51
0.002303 50
0.090147 33
0.004385 33
0.003245 33
0.000025 38
0.083837 74
0.154782 15
0.352208 52
2.081908 1
0.120136 1
0.119100 1
0.101282 2
0.340257 8
0.000038 121
0.000933 15
0.461268 52
1.962045 1
0.100025 1
0.140223 1
0.240372 1
0.240315 1
0.160286 1
0.120343 2
0.430272 27
0.007473 14
0.086173 86
0.000630 15
0.437186 52
0.861572 1
0.079519 1
0.140725 1
0.120244 2
0.243568 8
0.000036 218
0.000020 11
0.000831 15
0.286350 52
4.156907 2
0.000121 2
0.000191 15
0.244819 52
0.315678 6
